1
2
3
4
5
6
8
10
11
12
13
14
15
16
18
19
20
21
22
23
24
25
26
27
73
74
75
76
77
78
79
80
81
83
85
86
88
89
91
92
93
94
96
98
99
110
113
114
119
162
163
187
188
227
254
255
256
257
258
259
260
261
262
263
264
373
584
585
600
635
636
639
640
642
643
663
665
667
675
676
677
680
682
687
700
706
707
708
709
710
734
735
736
737
740
742
751
757
773
782
788
805
825
841
852
858
868
872
1394
1395
1414
1417
1420
1421
1422
1423
1424
1425
1426
1428
1429
1431
1432
1433
1436
1437
1442
1445
1446
1447
1449
1450
1451
1452
1453
1454
1455
1456
1457
1458
1463
1464
1466
1537
1538
1544
1548
1549
1557
1558
1559
1565
1566
1567
1568
1574
1591
1592
1593
1595
1596
1601
1602
1605
1609
1610
1612
1613
1614
1616
1626
1638
1640
1641
1643
1644
1645
1646
1649
1652
1653
1654
1655
1656
1657
1658
1661
1662
1663
1665
1666
1667
1668
1670
1673
1674
1676
1678
1679
1680
1681
1683
1684
1685
1686
1687
1688
1690
1692
1693
1695
1696
1697
1698
1699
1700
1701
1705
1709
1710
1711
1712
1713
1714
1715
1716
1718
1719
1722
1723
1725
1726
1727
1728
1730
1731
1732
1733
1734
1736
1737
1738
1743
1749
1751
1752
1762
1763
1764
1765
1767
1768
1769
1771
1772
1774
1775
1776
1778
1779
1780
1781
1783
1794
1795
1796
1797
1800
1801
1803
1805
1812
1813
1814
1816
1817
1818
1820
1823
1826
1827
1828
1829
1830
1831
1832
1833
1834
1835
1836
1837
1838
1840
1841
1842
1843
1844
1845
1846
1847
1848
1849
1850
1851
1852
1853
1854
1855
1856
1857
1858
1859
1860
1862
1863
1865
1867
1868
1869
1870
1871
1872
1873
1876
1877
1878
1880
1881
1882
1885
1886
1908
1909
1910
1914
1916
1919
1920
1923
1927
1929
1933
1935
1936
1941
1942
1967
1974
1977
1983
1984
1985
1987
2007
2016
2017
2018
2019
2020
2048
2049
2050
2051
2054
2055
2056
2487
2488
2489
2490
2494
2495
2507
2539
2540
2541
2544
2545
2546
2547
2548
2549
2551
2552
2556
2559
2560
2561
2562
2563
2564
2565
2566
2568
2569
2580
9770
12094
12101
12102
12103
12104
12109
12110
12268
12277
37798
39904
39906
39907
39908
39936
41604
50527
51421
51423
51428
51433
51437
51438
51439
51441
51442
51443
52409
52471
52532
